translation:
  x: -0.0893285403154
  y: 0.0263107450999
  z: 0.150999557825
rotation:
  x: 0.000822151847973
  y: -0.0014753140246
  z: -0.313895582911
  w: 0.949456007693

