translation:
  x: -0.120805291021
  y: -0.00117805157395
  z: 0.154312342685
rotation:
  x: -0.000846004315178
  y: -0.000850293286643
  z: 0.419071755024
  w: 0.907952325521