translation:
  x: -0.0580443834942
  y: -0.00162860716127
  z: 0.149835842833
rotation:
  x: -0.000455147967772
  y: -0.000310636537478
  z: 0.00332907126945
  w: 0.999994306799

