translation:
  x: -0.0122226191871
  y: 0.0105065769556
  z: 0.225277246672
rotation:
  x: -0.00194581402738
  y: 0.00414578501866
  z: 0.0335488878547
  w: 0.999426584797